2023/06/27-14:26:32.233372 1f74 RocksDB version: 7.7.3
2023/06/27-14:26:32.233556 1f74 Git sha eb9a80fe1f18017b4d7f4084e8f2554f12234822
2023/06/27-14:26:32.233588 1f74 Compile date 2022-10-24 17:17:55
2023/06/27-14:26:32.233606 1f74 DB SUMMARY
2023/06/27-14:26:32.233622 1f74 DB Session ID:  9K24YW58SMOCBQLSVOLE
2023/06/27-14:26:32.234055 1f74 SST files in .\data\protocol\raft\naming_service_metadata\log dir, Total Num: 0, files: 
2023/06/27-14:26:32.234082 1f74 Write Ahead Log file in .\data\protocol\raft\naming_service_metadata\log: 
2023/06/27-14:26:32.234099 1f74                         Options.error_if_exists: 0
2023/06/27-14:26:32.234114 1f74                       Options.create_if_missing: 1
2023/06/27-14:26:32.234127 1f74                         Options.paranoid_checks: 1
2023/06/27-14:26:32.234278 1f74             Options.flush_verify_memtable_count: 1
2023/06/27-14:26:32.234297 1f74                               Options.track_and_verify_wals_in_manifest: 0
2023/06/27-14:26:32.234305 1f74        Options.verify_sst_unique_id_in_manifest: 1
2023/06/27-14:26:32.234311 1f74                                     Options.env: 0000024C7E743240
2023/06/27-14:26:32.234320 1f74                                      Options.fs: WinFS
2023/06/27-14:26:32.234327 1f74                                Options.info_log: 0000024C7E5AD810
2023/06/27-14:26:32.234334 1f74                Options.max_file_opening_threads: 16
2023/06/27-14:26:32.234340 1f74                              Options.statistics: 0000024C7E32CC90
2023/06/27-14:26:32.234346 1f74                               Options.use_fsync: 0
2023/06/27-14:26:32.234352 1f74                       Options.max_log_file_size: 0
2023/06/27-14:26:32.234358 1f74                  Options.max_manifest_file_size: 1073741824
2023/06/27-14:26:32.234365 1f74                   Options.log_file_time_to_roll: 0
2023/06/27-14:26:32.234371 1f74                       Options.keep_log_file_num: 100
2023/06/27-14:26:32.234377 1f74                    Options.recycle_log_file_num: 0
2023/06/27-14:26:32.234383 1f74                         Options.allow_fallocate: 1
2023/06/27-14:26:32.234390 1f74                        Options.allow_mmap_reads: 0
2023/06/27-14:26:32.234396 1f74                       Options.allow_mmap_writes: 0
2023/06/27-14:26:32.234402 1f74                        Options.use_direct_reads: 0
2023/06/27-14:26:32.234408 1f74                        Options.use_direct_io_for_flush_and_compaction: 0
2023/06/27-14:26:32.234414 1f74          Options.create_missing_column_families: 1
2023/06/27-14:26:32.234420 1f74                              Options.db_log_dir: 
2023/06/27-14:26:32.234427 1f74                                 Options.wal_dir: 
2023/06/27-14:26:32.234434 1f74                Options.table_cache_numshardbits: 6
2023/06/27-14:26:32.234440 1f74                         Options.WAL_ttl_seconds: 0
2023/06/27-14:26:32.234448 1f74                       Options.WAL_size_limit_MB: 0
2023/06/27-14:26:32.234454 1f74                        Options.max_write_batch_group_size_bytes: 1048576
2023/06/27-14:26:32.234460 1f74             Options.manifest_preallocation_size: 4194304
2023/06/27-14:26:32.234467 1f74                     Options.is_fd_close_on_exec: 1
2023/06/27-14:26:32.234473 1f74                   Options.advise_random_on_open: 1
2023/06/27-14:26:32.234479 1f74                    Options.db_write_buffer_size: 0
2023/06/27-14:26:32.234485 1f74                    Options.write_buffer_manager: 0000024C7E8F2300
2023/06/27-14:26:32.234492 1f74         Options.access_hint_on_compaction_start: 1
2023/06/27-14:26:32.234498 1f74           Options.random_access_max_buffer_size: 1048576
2023/06/27-14:26:32.234504 1f74                      Options.use_adaptive_mutex: 0
2023/06/27-14:26:32.234510 1f74                            Options.rate_limiter: 0000000000000000
2023/06/27-14:26:32.234517 1f74     Options.sst_file_manager.rate_bytes_per_sec: 0
2023/06/27-14:26:32.234524 1f74                       Options.wal_recovery_mode: 2
2023/06/27-14:26:32.234530 1f74                  Options.enable_thread_tracking: 0
2023/06/27-14:26:32.234572 1f74                  Options.enable_pipelined_write: 0
2023/06/27-14:26:32.234583 1f74                  Options.unordered_write: 0
2023/06/27-14:26:32.234590 1f74         Options.allow_concurrent_memtable_write: 1
2023/06/27-14:26:32.234597 1f74      Options.enable_write_thread_adaptive_yield: 1
2023/06/27-14:26:32.234603 1f74             Options.write_thread_max_yield_usec: 100
2023/06/27-14:26:32.234609 1f74            Options.write_thread_slow_yield_usec: 3
2023/06/27-14:26:32.234616 1f74                               Options.row_cache: None
2023/06/27-14:26:32.234622 1f74                              Options.wal_filter: None
2023/06/27-14:26:32.234628 1f74             Options.avoid_flush_during_recovery: 0
2023/06/27-14:26:32.234635 1f74             Options.allow_ingest_behind: 0
2023/06/27-14:26:32.234641 1f74             Options.two_write_queues: 0
2023/06/27-14:26:32.234647 1f74             Options.manual_wal_flush: 0
2023/06/27-14:26:32.234653 1f74             Options.wal_compression: 0
2023/06/27-14:26:32.234659 1f74             Options.atomic_flush: 0
2023/06/27-14:26:32.234666 1f74             Options.avoid_unnecessary_blocking_io: 0
2023/06/27-14:26:32.234672 1f74                 Options.persist_stats_to_disk: 0
2023/06/27-14:26:32.234679 1f74                 Options.write_dbid_to_manifest: 0
2023/06/27-14:26:32.234685 1f74                 Options.log_readahead_size: 0
2023/06/27-14:26:32.234700 1f74                 Options.file_checksum_gen_factory: Unknown
2023/06/27-14:26:32.234715 1f74                 Options.best_efforts_recovery: 0
2023/06/27-14:26:32.234722 1f74                Options.max_bgerror_resume_count: 2147483647
2023/06/27-14:26:32.234729 1f74            Options.bgerror_resume_retry_interval: 1000000
2023/06/27-14:26:32.234735 1f74             Options.allow_data_in_errors: 0
2023/06/27-14:26:32.234741 1f74             Options.db_host_id: __hostname__
2023/06/27-14:26:32.234747 1f74             Options.enforce_single_del_contracts: true
2023/06/27-14:26:32.234753 1f74             Options.max_background_jobs: 2
2023/06/27-14:26:32.234759 1f74             Options.max_background_compactions: 4
2023/06/27-14:26:32.234766 1f74             Options.max_subcompactions: 1
2023/06/27-14:26:32.234772 1f74             Options.avoid_flush_during_shutdown: 0
2023/06/27-14:26:32.234778 1f74           Options.writable_file_max_buffer_size: 1048576
2023/06/27-14:26:32.234784 1f74             Options.delayed_write_rate : 16777216
2023/06/27-14:26:32.234790 1f74             Options.max_total_wal_size: 1073741824
2023/06/27-14:26:32.234796 1f74             Options.delete_obsolete_files_period_micros: 21600000000
2023/06/27-14:26:32.234802 1f74                   Options.stats_dump_period_sec: 600
2023/06/27-14:26:32.234809 1f74                 Options.stats_persist_period_sec: 600
2023/06/27-14:26:32.234815 1f74                 Options.stats_history_buffer_size: 1048576
2023/06/27-14:26:32.234821 1f74                          Options.max_open_files: -1
2023/06/27-14:26:32.234827 1f74                          Options.bytes_per_sync: 0
2023/06/27-14:26:32.234833 1f74                      Options.wal_bytes_per_sync: 0
2023/06/27-14:26:32.234839 1f74                   Options.strict_bytes_per_sync: 0
2023/06/27-14:26:32.234845 1f74       Options.compaction_readahead_size: 0
2023/06/27-14:26:32.234851 1f74                  Options.max_background_flushes: 1
2023/06/27-14:26:32.234857 1f74 Compression algorithms supported:
2023/06/27-14:26:32.234864 1f74 	kZSTD supported: 1
2023/06/27-14:26:32.234870 1f74 	kSnappyCompression supported: 1
2023/06/27-14:26:32.234876 1f74 	kBZip2Compression supported: 0
2023/06/27-14:26:32.234882 1f74 	kZlibCompression supported: 1
2023/06/27-14:26:32.234888 1f74 	kLZ4Compression supported: 1
2023/06/27-14:26:32.234894 1f74 	kXpressCompression supported: 0
2023/06/27-14:26:32.234901 1f74 	kLZ4HCCompression supported: 1
2023/06/27-14:26:32.234907 1f74 	kZSTDNotFinalCompression supported: 1
2023/06/27-14:26:32.234915 1f74 Fast CRC32 supported: Not supported on x86
2023/06/27-14:26:32.234943 1f74 DMutex implementation: std::mutex
2023/06/27-14:26:32.239756 1f74 [db\db_impl\db_impl_open.cc:313] Creating manifest 1 
2023/06/27-14:26:32.246447 1f74 [db\version_set.cc:5531] Recovering from manifest file: .\data\protocol\raft\naming_service_metadata\log/MANIFEST-000001
2023/06/27-14:26:32.246831 1f74 [db\column_family.cc:633] --------------- Options for column family [default]:
2023/06/27-14:26:32.246850 1f74               Options.comparator: leveldb.BytewiseComparator
2023/06/27-14:26:32.246858 1f74           Options.merge_operator: StringAppendOperator
2023/06/27-14:26:32.246864 1f74        Options.compaction_filter: None
2023/06/27-14:26:32.246871 1f74        Options.compaction_filter_factory: None
2023/06/27-14:26:32.246877 1f74  Options.sst_partitioner_factory: None
2023/06/27-14:26:32.246884 1f74         Options.memtable_factory: SkipListFactory
2023/06/27-14:26:32.246890 1f74            Options.table_factory: BlockBasedTable
2023/06/27-14:26:32.246956 1f74            table_factory options:   flush_block_policy_factory: FlushBlockBySizePolicyFactory (0000024C7E99C270)
  cache_index_and_filter_blocks: 0
  cache_index_and_filter_blocks_with_high_priority: 1
  pin_l0_filter_and_index_blocks_in_cache: 1
  pin_top_level_index_and_filter: 1
  index_type: 2
  data_block_index_type: 0
  index_shortening: 1
  data_block_hash_table_util_ratio: 0.750000
  checksum: 1
  no_block_cache: 0
  block_cache: 0000024C7E6094D0
  block_cache_name: LRUCache
  block_cache_options:
    capacity : 536870912
    num_shard_bits : 8
    strict_capacity_limit : 0
    memory_allocator : None
    high_pri_pool_ratio: 0.500
    low_pri_pool_ratio: 0.000
  block_cache_compressed: 0000000000000000
  persistent_cache: 0000000000000000
  block_size: 4096
  block_size_deviation: 10
  block_restart_interval: 16
  index_block_restart_interval: 1
  metadata_block_size: 8192
  partition_filters: 1
  use_delta_encoding: 1
  filter_policy: nullptr
  whole_key_filtering: 1
  verify_compression: 0
  read_amp_bytes_per_bit: 0
  format_version: 5
  enable_index_compression: 1
  block_align: 0
  max_auto_readahead_size: 262144
  prepopulate_block_cache: 0
  initial_auto_readahead_size: 8192
  num_file_reads_for_auto_readahead: 2
2023/06/27-14:26:32.246966 1f74        Options.write_buffer_size: 67108864
2023/06/27-14:26:32.246973 1f74  Options.max_write_buffer_number: 3
2023/06/27-14:26:32.246979 1f74          Options.compression: Snappy
2023/06/27-14:26:32.246987 1f74                  Options.bottommost_compression: Disabled
2023/06/27-14:26:32.246993 1f74       Options.prefix_extractor: rocksdb.FixedPrefix
2023/06/27-14:26:32.246999 1f74   Options.memtable_insert_with_hint_prefix_extractor: nullptr
2023/06/27-14:26:32.247006 1f74             Options.num_levels: 7
2023/06/27-14:26:32.247012 1f74        Options.min_write_buffer_number_to_merge: 1
2023/06/27-14:26:32.247018 1f74     Options.max_write_buffer_number_to_maintain: 0
2023/06/27-14:26:32.247024 1f74     Options.max_write_buffer_size_to_maintain: 0
2023/06/27-14:26:32.247031 1f74            Options.bottommost_compression_opts.window_bits: -14
2023/06/27-14:26:32.247037 1f74                  Options.bottommost_compression_opts.level: 32767
2023/06/27-14:26:32.247044 1f74               Options.bottommost_compression_opts.strategy: 0
2023/06/27-14:26:32.247050 1f74         Options.bottommost_compression_opts.max_dict_bytes: 0
2023/06/27-14:26:32.247056 1f74         Options.bottommost_compression_opts.zstd_max_train_bytes: 0
2023/06/27-14:26:32.247062 1f74         Options.bottommost_compression_opts.parallel_threads: 1
2023/06/27-14:26:32.247068 1f74                  Options.bottommost_compression_opts.enabled: false
2023/06/27-14:26:32.247076 1f74         Options.bottommost_compression_opts.max_dict_buffer_bytes: 0
2023/06/27-14:26:32.247083 1f74         Options.bottommost_compression_opts.use_zstd_dict_trainer: true
2023/06/27-14:26:32.247089 1f74            Options.compression_opts.window_bits: -14
2023/06/27-14:26:32.247096 1f74                  Options.compression_opts.level: 32767
2023/06/27-14:26:32.247106 1f74               Options.compression_opts.strategy: 0
2023/06/27-14:26:32.247114 1f74         Options.compression_opts.max_dict_bytes: 0
2023/06/27-14:26:32.247121 1f74         Options.compression_opts.zstd_max_train_bytes: 0
2023/06/27-14:26:32.247127 1f74         Options.compression_opts.use_zstd_dict_trainer: true
2023/06/27-14:26:32.247134 1f74         Options.compression_opts.parallel_threads: 1
2023/06/27-14:26:32.247140 1f74                  Options.compression_opts.enabled: false
2023/06/27-14:26:32.247147 1f74         Options.compression_opts.max_dict_buffer_bytes: 0
2023/06/27-14:26:32.247153 1f74      Options.level0_file_num_compaction_trigger: 10
2023/06/27-14:26:32.247160 1f74          Options.level0_slowdown_writes_trigger: 20
2023/06/27-14:26:32.247166 1f74              Options.level0_stop_writes_trigger: 40
2023/06/27-14:26:32.247172 1f74                   Options.target_file_size_base: 67108864
2023/06/27-14:26:32.247178 1f74             Options.target_file_size_multiplier: 1
2023/06/27-14:26:32.247184 1f74                Options.max_bytes_for_level_base: 536870912
2023/06/27-14:26:32.247191 1f74 Options.level_compaction_dynamic_level_bytes: 0
2023/06/27-14:26:32.247197 1f74          Options.max_bytes_for_level_multiplier: 10.000000
2023/06/27-14:26:32.247205 1f74 Options.max_bytes_for_level_multiplier_addtl[0]: 1
2023/06/27-14:26:32.247211 1f74 Options.max_bytes_for_level_multiplier_addtl[1]: 1
2023/06/27-14:26:32.247217 1f74 Options.max_bytes_for_level_multiplier_addtl[2]: 1
2023/06/27-14:26:32.247223 1f74 Options.max_bytes_for_level_multiplier_addtl[3]: 1
2023/06/27-14:26:32.247230 1f74 Options.max_bytes_for_level_multiplier_addtl[4]: 1
2023/06/27-14:26:32.247236 1f74 Options.max_bytes_for_level_multiplier_addtl[5]: 1
2023/06/27-14:26:32.247242 1f74 Options.max_bytes_for_level_multiplier_addtl[6]: 1
2023/06/27-14:26:32.247248 1f74       Options.max_sequential_skip_in_iterations: 8
2023/06/27-14:26:32.247254 1f74                    Options.max_compaction_bytes: 1677721600
2023/06/27-14:26:32.247260 1f74                        Options.arena_block_size: 1048576
2023/06/27-14:26:32.247266 1f74   Options.soft_pending_compaction_bytes_limit: 68719476736
2023/06/27-14:26:32.247273 1f74   Options.hard_pending_compaction_bytes_limit: 274877906944
2023/06/27-14:26:32.247279 1f74                Options.disable_auto_compactions: 0
2023/06/27-14:26:32.247286 1f74                        Options.compaction_style: kCompactionStyleLevel
2023/06/27-14:26:32.247293 1f74                          Options.compaction_pri: kMinOverlappingRatio
2023/06/27-14:26:32.247300 1f74 Options.compaction_options_universal.size_ratio: 1
2023/06/27-14:26:32.247306 1f74 Options.compaction_options_universal.min_merge_width: 2
2023/06/27-14:26:32.247312 1f74 Options.compaction_options_universal.max_merge_width: 4294967295
2023/06/27-14:26:32.247318 1f74 Options.compaction_options_universal.max_size_amplification_percent: 200
2023/06/27-14:26:32.247324 1f74 Options.compaction_options_universal.compression_size_percent: -1
2023/06/27-14:26:32.247331 1f74 Options.compaction_options_universal.stop_style: kCompactionStopStyleTotalSize
2023/06/27-14:26:32.247338 1f74 Options.compaction_options_fifo.max_table_files_size: 1073741824
2023/06/27-14:26:32.247344 1f74 Options.compaction_options_fifo.allow_compaction: 0
2023/06/27-14:26:32.247358 1f74                   Options.table_properties_collectors: 
2023/06/27-14:26:32.247365 1f74                   Options.inplace_update_support: 0
2023/06/27-14:26:32.247371 1f74                 Options.inplace_update_num_locks: 10000
2023/06/27-14:26:32.247377 1f74               Options.memtable_prefix_bloom_size_ratio: 0.125000
2023/06/27-14:26:32.247384 1f74               Options.memtable_whole_key_filtering: 0
2023/06/27-14:26:32.247390 1f74   Options.memtable_huge_page_size: 0
2023/06/27-14:26:32.247397 1f74                           Options.bloom_locality: 0
2023/06/27-14:26:32.247403 1f74                    Options.max_successive_merges: 0
2023/06/27-14:26:32.247409 1f74                Options.optimize_filters_for_hits: 0
2023/06/27-14:26:32.247464 1f74                Options.paranoid_file_checks: 0
2023/06/27-14:26:32.247475 1f74                Options.force_consistency_checks: 1
2023/06/27-14:26:32.247482 1f74                Options.report_bg_io_stats: 0
2023/06/27-14:26:32.247488 1f74                               Options.ttl: 2592000
2023/06/27-14:26:32.247494 1f74          Options.periodic_compaction_seconds: 0
2023/06/27-14:26:32.247501 1f74  Options.preclude_last_level_data_seconds: 0
2023/06/27-14:26:32.247507 1f74                       Options.enable_blob_files: false
2023/06/27-14:26:32.247513 1f74                           Options.min_blob_size: 0
2023/06/27-14:26:32.247519 1f74                          Options.blob_file_size: 268435456
2023/06/27-14:26:32.247526 1f74                   Options.blob_compression_type: NoCompression
2023/06/27-14:26:32.247532 1f74          Options.enable_blob_garbage_collection: false
2023/06/27-14:26:32.247538 1f74      Options.blob_garbage_collection_age_cutoff: 0.250000
2023/06/27-14:26:32.247546 1f74 Options.blob_garbage_collection_force_threshold: 1.000000
2023/06/27-14:26:32.247554 1f74          Options.blob_compaction_readahead_size: 0
2023/06/27-14:26:32.247560 1f74                Options.blob_file_starting_level: 0
2023/06/27-14:26:32.247567 1f74 Options.experimental_mempurge_threshold: 0.000000
2023/06/27-14:26:32.264507 1f74 [db\version_set.cc:5579] Recovered from manifest file:.\data\protocol\raft\naming_service_metadata\log/MANIFEST-000001 succeeded,manifest_file_number is 1, next_file_number is 3, last_sequence is 0, log_number is 0,prev_log_number is 0,max_column_family is 0,min_log_number_to_keep is 0
2023/06/27-14:26:32.264539 1f74 [db\version_set.cc:5588] Column family [default] (ID 0), log number is 0
2023/06/27-14:26:32.265365 1f74 [db\db_impl\db_impl_open.cc:529] DB ID: 8e065853-14b3-11ee-959e-ec63d7b16e84
2023/06/27-14:26:32.268022 1f74 [db\version_set.cc:5051] Creating manifest 5
2023/06/27-14:26:32.274477 1f74 [db\column_family.cc:633] --------------- Options for column family [Configuration]:
2023/06/27-14:26:32.274499 1f74               Options.comparator: leveldb.BytewiseComparator
2023/06/27-14:26:32.274508 1f74           Options.merge_operator: StringAppendOperator
2023/06/27-14:26:32.274514 1f74        Options.compaction_filter: None
2023/06/27-14:26:32.274521 1f74        Options.compaction_filter_factory: None
2023/06/27-14:26:32.274527 1f74  Options.sst_partitioner_factory: None
2023/06/27-14:26:32.274534 1f74         Options.memtable_factory: SkipListFactory
2023/06/27-14:26:32.274541 1f74            Options.table_factory: BlockBasedTable
2023/06/27-14:26:32.274586 1f74            table_factory options:   flush_block_policy_factory: FlushBlockBySizePolicyFactory (0000024C7E99C270)
  cache_index_and_filter_blocks: 0
  cache_index_and_filter_blocks_with_high_priority: 1
  pin_l0_filter_and_index_blocks_in_cache: 1
  pin_top_level_index_and_filter: 1
  index_type: 2
  data_block_index_type: 0
  index_shortening: 1
  data_block_hash_table_util_ratio: 0.750000
  checksum: 1
  no_block_cache: 0
  block_cache: 0000024C7E6094D0
  block_cache_name: LRUCache
  block_cache_options:
    capacity : 536870912
    num_shard_bits : 8
    strict_capacity_limit : 0
    memory_allocator : None
    high_pri_pool_ratio: 0.500
    low_pri_pool_ratio: 0.000
  block_cache_compressed: 0000000000000000
  persistent_cache: 0000000000000000
  block_size: 4096
  block_size_deviation: 10
  block_restart_interval: 16
  index_block_restart_interval: 1
  metadata_block_size: 8192
  partition_filters: 1
  use_delta_encoding: 1
  filter_policy: nullptr
  whole_key_filtering: 1
  verify_compression: 0
  read_amp_bytes_per_bit: 0
  format_version: 5
  enable_index_compression: 1
  block_align: 0
  max_auto_readahead_size: 262144
  prepopulate_block_cache: 0
  initial_auto_readahead_size: 8192
  num_file_reads_for_auto_readahead: 2
2023/06/27-14:26:32.274595 1f74        Options.write_buffer_size: 67108864
2023/06/27-14:26:32.274602 1f74  Options.max_write_buffer_number: 3
2023/06/27-14:26:32.274612 1f74          Options.compression: Snappy
2023/06/27-14:26:32.274623 1f74                  Options.bottommost_compression: Disabled
2023/06/27-14:26:32.274630 1f74       Options.prefix_extractor: rocksdb.FixedPrefix
2023/06/27-14:26:32.274637 1f74   Options.memtable_insert_with_hint_prefix_extractor: nullptr
2023/06/27-14:26:32.274644 1f74             Options.num_levels: 7
2023/06/27-14:26:32.274650 1f74        Options.min_write_buffer_number_to_merge: 1
2023/06/27-14:26:32.274656 1f74     Options.max_write_buffer_number_to_maintain: 0
2023/06/27-14:26:32.274663 1f74     Options.max_write_buffer_size_to_maintain: 0
2023/06/27-14:26:32.274669 1f74            Options.bottommost_compression_opts.window_bits: -14
2023/06/27-14:26:32.274676 1f74                  Options.bottommost_compression_opts.level: 32767
2023/06/27-14:26:32.274683 1f74               Options.bottommost_compression_opts.strategy: 0
2023/06/27-14:26:32.274689 1f74         Options.bottommost_compression_opts.max_dict_bytes: 0
2023/06/27-14:26:32.274696 1f74         Options.bottommost_compression_opts.zstd_max_train_bytes: 0
2023/06/27-14:26:32.274706 1f74         Options.bottommost_compression_opts.parallel_threads: 1
2023/06/27-14:26:32.274712 1f74                  Options.bottommost_compression_opts.enabled: false
2023/06/27-14:26:32.274718 1f74         Options.bottommost_compression_opts.max_dict_buffer_bytes: 0
2023/06/27-14:26:32.274725 1f74         Options.bottommost_compression_opts.use_zstd_dict_trainer: true
2023/06/27-14:26:32.274731 1f74            Options.compression_opts.window_bits: -14
2023/06/27-14:26:32.274737 1f74                  Options.compression_opts.level: 32767
2023/06/27-14:26:32.274744 1f74               Options.compression_opts.strategy: 0
2023/06/27-14:26:32.274750 1f74         Options.compression_opts.max_dict_bytes: 0
2023/06/27-14:26:32.274756 1f74         Options.compression_opts.zstd_max_train_bytes: 0
2023/06/27-14:26:32.274761 1f74         Options.compression_opts.use_zstd_dict_trainer: true
2023/06/27-14:26:32.274768 1f74         Options.compression_opts.parallel_threads: 1
2023/06/27-14:26:32.274774 1f74                  Options.compression_opts.enabled: false
2023/06/27-14:26:32.274780 1f74         Options.compression_opts.max_dict_buffer_bytes: 0
2023/06/27-14:26:32.274786 1f74      Options.level0_file_num_compaction_trigger: 10
2023/06/27-14:26:32.274792 1f74          Options.level0_slowdown_writes_trigger: 20
2023/06/27-14:26:32.274799 1f74              Options.level0_stop_writes_trigger: 40
2023/06/27-14:26:32.274805 1f74                   Options.target_file_size_base: 67108864
2023/06/27-14:26:32.274811 1f74             Options.target_file_size_multiplier: 1
2023/06/27-14:26:32.274816 1f74                Options.max_bytes_for_level_base: 536870912
2023/06/27-14:26:32.274823 1f74 Options.level_compaction_dynamic_level_bytes: 0
2023/06/27-14:26:32.274829 1f74          Options.max_bytes_for_level_multiplier: 10.000000
2023/06/27-14:26:32.274837 1f74 Options.max_bytes_for_level_multiplier_addtl[0]: 1
2023/06/27-14:26:32.274843 1f74 Options.max_bytes_for_level_multiplier_addtl[1]: 1
2023/06/27-14:26:32.274850 1f74 Options.max_bytes_for_level_multiplier_addtl[2]: 1
2023/06/27-14:26:32.274856 1f74 Options.max_bytes_for_level_multiplier_addtl[3]: 1
2023/06/27-14:26:32.274861 1f74 Options.max_bytes_for_level_multiplier_addtl[4]: 1
2023/06/27-14:26:32.274867 1f74 Options.max_bytes_for_level_multiplier_addtl[5]: 1
2023/06/27-14:26:32.274873 1f74 Options.max_bytes_for_level_multiplier_addtl[6]: 1
2023/06/27-14:26:32.274879 1f74       Options.max_sequential_skip_in_iterations: 8
2023/06/27-14:26:32.274886 1f74                    Options.max_compaction_bytes: 1677721600
2023/06/27-14:26:32.274892 1f74                        Options.arena_block_size: 1048576
2023/06/27-14:26:32.274898 1f74   Options.soft_pending_compaction_bytes_limit: 68719476736
2023/06/27-14:26:32.274904 1f74   Options.hard_pending_compaction_bytes_limit: 274877906944
2023/06/27-14:26:32.274910 1f74                Options.disable_auto_compactions: 0
2023/06/27-14:26:32.274919 1f74                        Options.compaction_style: kCompactionStyleLevel
2023/06/27-14:26:32.274927 1f74                          Options.compaction_pri: kMinOverlappingRatio
2023/06/27-14:26:32.274934 1f74 Options.compaction_options_universal.size_ratio: 1
2023/06/27-14:26:32.274940 1f74 Options.compaction_options_universal.min_merge_width: 2
2023/06/27-14:26:32.274946 1f74 Options.compaction_options_universal.max_merge_width: 4294967295
2023/06/27-14:26:32.274952 1f74 Options.compaction_options_universal.max_size_amplification_percent: 200
2023/06/27-14:26:32.274959 1f74 Options.compaction_options_universal.compression_size_percent: -1
2023/06/27-14:26:32.274965 1f74 Options.compaction_options_universal.stop_style: kCompactionStopStyleTotalSize
2023/06/27-14:26:32.274972 1f74 Options.compaction_options_fifo.max_table_files_size: 1073741824
2023/06/27-14:26:32.274979 1f74 Options.compaction_options_fifo.allow_compaction: 0
2023/06/27-14:26:32.274989 1f74                   Options.table_properties_collectors: 
2023/06/27-14:26:32.274996 1f74                   Options.inplace_update_support: 0
2023/06/27-14:26:32.275002 1f74                 Options.inplace_update_num_locks: 10000
2023/06/27-14:26:32.275008 1f74               Options.memtable_prefix_bloom_size_ratio: 0.125000
2023/06/27-14:26:32.275016 1f74               Options.memtable_whole_key_filtering: 0
2023/06/27-14:26:32.275022 1f74   Options.memtable_huge_page_size: 0
2023/06/27-14:26:32.275028 1f74                           Options.bloom_locality: 0
2023/06/27-14:26:32.275035 1f74                    Options.max_successive_merges: 0
2023/06/27-14:26:32.275042 1f74                Options.optimize_filters_for_hits: 0
2023/06/27-14:26:32.275048 1f74                Options.paranoid_file_checks: 0
2023/06/27-14:26:32.275054 1f74                Options.force_consistency_checks: 1
2023/06/27-14:26:32.275060 1f74                Options.report_bg_io_stats: 0
2023/06/27-14:26:32.275067 1f74                               Options.ttl: 2592000
2023/06/27-14:26:32.275073 1f74          Options.periodic_compaction_seconds: 0
2023/06/27-14:26:32.275080 1f74  Options.preclude_last_level_data_seconds: 0
2023/06/27-14:26:32.275086 1f74                       Options.enable_blob_files: false
2023/06/27-14:26:32.275093 1f74                           Options.min_blob_size: 0
2023/06/27-14:26:32.275099 1f74                          Options.blob_file_size: 268435456
2023/06/27-14:26:32.275108 1f74                   Options.blob_compression_type: NoCompression
2023/06/27-14:26:32.275115 1f74          Options.enable_blob_garbage_collection: false
2023/06/27-14:26:32.275144 1f74      Options.blob_garbage_collection_age_cutoff: 0.250000
2023/06/27-14:26:32.275152 1f74 Options.blob_garbage_collection_force_threshold: 1.000000
2023/06/27-14:26:32.275159 1f74          Options.blob_compaction_readahead_size: 0
2023/06/27-14:26:32.275166 1f74                Options.blob_file_starting_level: 0
2023/06/27-14:26:32.275172 1f74 Options.experimental_mempurge_threshold: 0.000000
2023/06/27-14:26:32.276961 1f74 [db\db_impl\db_impl.cc:3086] Created column family [Configuration] (ID 1)
2023/06/27-14:26:32.300606 1f74 [db\db_impl\db_impl_open.cc:1985] SstFileManager instance 0000024C7B5AE070
2023/06/27-14:26:32.301394 1f74 DB pointer 0000024C7E1F5480
2023/06/27-14:26:38.313320 10280 [db\db_impl\db_impl.cc:1101] ------- DUMPING STATS -------
2023/06/27-14:26:38.313360 10280 [db\db_impl\db_impl.cc:1102] 
** DB Stats **
Uptime(secs): 6.1 total, 6.1 interval
Cumulative writes: 1 writes, 2 keys, 1 commit groups, 1.0 writes per commit group, ingest: 0.00 GB, 0.00 MB/s
Cumulative WAL: 1 writes, 1 syncs, 1.00 writes per sync, written: 0.00 GB, 0.00 MB/s
Cumulative stall: 00:00:0.000 H:M:S, 0.0 percent
Interval writes: 1 writes, 2 keys, 1 commit groups, 1.0 writes per commit group, ingest: 0.00 MB, 0.00 MB/s
Interval WAL: 1 writes, 1 syncs, 1.00 writes per sync, written: 0.00 GB, 0.00 MB/s
Interval stall: 00:00:0.000 H:M:S, 0.0 percent

** Compaction Stats [default] **
Level    Files   Size     Score Read(GB)  Rn(GB) Rnp1(GB) Write(GB) Wnew(GB) Moved(GB) W-Amp Rd(MB/s) Wr(MB/s) Comp(sec) CompMergeCPU(sec) Comp(cnt) Avg(sec) KeyIn KeyDrop Rblob(GB) Wblob(GB)
------------------------------------------------------------------------------------------------------------------------------------------------------------------------------------------------
 Sum      0/0    0.00 KB   0.0      0.0     0.0      0.0       0.0      0.0       0.0   0.0      0.0      0.0      0.00              0.00         0    0.000       0      0       0.0       0.0
 Int      0/0    0.00 KB   0.0      0.0     0.0      0.0       0.0      0.0       0.0   0.0      0.0      0.0      0.00              0.00         0    0.000       0      0       0.0       0.0

** Compaction Stats [default] **
Priority    Files   Size     Score Read(GB)  Rn(GB) Rnp1(GB) Write(GB) Wnew(GB) Moved(GB) W-Amp Rd(MB/s) Wr(MB/s) Comp(sec) CompMergeCPU(sec) Comp(cnt) Avg(sec) KeyIn KeyDrop Rblob(GB) Wblob(GB)
---------------------------------------------------------------------------------------------------------------------------------------------------------------------------------------------------

Blob file count: 0, total size: 0.0 GB, garbage size: 0.0 GB, space amp: 0.0

Uptime(secs): 6.1 total, 6.1 interval
Flush(GB): cumulative 0.000, interval 0.000
AddFile(GB): cumulative 0.000, interval 0.000
AddFile(Total Files): cumulative 0, interval 0
AddFile(L0 Files): cumulative 0, interval 0
AddFile(Keys): cumulative 0, interval 0
Cumulative compaction: 0.00 GB write, 0.00 MB/s write, 0.00 GB read, 0.00 MB/s read, 0.0 seconds
Interval compaction: 0.00 GB write, 0.00 MB/s write, 0.00 GB read, 0.00 MB/s read, 0.0 seconds
Stalls(count): 0 level0_slowdown, 0 level0_slowdown_with_compaction, 0 level0_numfiles, 0 level0_numfiles_with_compaction, 0 stop for pending_compaction_bytes, 0 slowdown for pending_compaction_bytes, 0 memtable_compaction, 0 memtable_slowdown, interval 0 total count
Block cache LRUCache@0000024C7E6094D0#39040 capacity: 512.00 MB usage: 0.08 KB table_size: 4096 occupancy: 1 collections: 1 last_copies: 1 last_secs: 0.000296 secs_since: 0
Block cache entry stats(count,size,portion): Misc(1,0.00 KB,0%)

** Compaction Stats [Configuration] **
Level    Files   Size     Score Read(GB)  Rn(GB) Rnp1(GB) Write(GB) Wnew(GB) Moved(GB) W-Amp Rd(MB/s) Wr(MB/s) Comp(sec) CompMergeCPU(sec) Comp(cnt) Avg(sec) KeyIn KeyDrop Rblob(GB) Wblob(GB)
------------------------------------------------------------------------------------------------------------------------------------------------------------------------------------------------
 Sum      0/0    0.00 KB   0.0      0.0     0.0      0.0       0.0      0.0       0.0   0.0      0.0      0.0      0.00              0.00         0    0.000       0      0       0.0       0.0
 Int      0/0    0.00 KB   0.0      0.0     0.0      0.0       0.0      0.0       0.0   0.0      0.0      0.0      0.00              0.00         0    0.000       0      0       0.0       0.0

** Compaction Stats [Configuration] **
Priority    Files   Size     Score Read(GB)  Rn(GB) Rnp1(GB) Write(GB) Wnew(GB) Moved(GB) W-Amp Rd(MB/s) Wr(MB/s) Comp(sec) CompMergeCPU(sec) Comp(cnt) Avg(sec) KeyIn KeyDrop Rblob(GB) Wblob(GB)
---------------------------------------------------------------------------------------------------------------------------------------------------------------------------------------------------

Blob file count: 0, total size: 0.0 GB, garbage size: 0.0 GB, space amp: 0.0

Uptime(secs): 6.0 total, 6.0 interval
Flush(GB): cumulative 0.000, interval 0.000
AddFile(GB): cumulative 0.000, interval 0.000
AddFile(Total Files): cumulative 0, interval 0
AddFile(L0 Files): cumulative 0, interval 0
AddFile(Keys): cumulative 0, interval 0
Cumulative compaction: 0.00 GB write, 0.00 MB/s write, 0.00 GB read, 0.00 MB/s read, 0.0 seconds
Interval compaction: 0.00 GB write, 0.00 MB/s write, 0.00 GB read, 0.00 MB/s read, 0.0 seconds
Stalls(count): 0 level0_slowdown, 0 level0_slowdown_with_compaction, 0 level0_numfiles, 0 level0_numfiles_with_compaction, 0 stop for pending_compaction_bytes, 0 slowdown for pending_compaction_bytes, 0 memtable_compaction, 0 memtable_slowdown, interval 0 total count
Block cache LRUCache@0000024C7E6094D0#39040 capacity: 512.00 MB usage: 0.08 KB table_size: 4096 occupancy: 1 collections: 1 last_copies: 1 last_secs: 0.000296 secs_since: 0
Block cache entry stats(count,size,portion): Misc(1,0.00 KB,0%)

** File Read Latency Histogram By Level [default] **

** File Read Latency Histogram By Level [Configuration] **
2023/06/27-14:26:38.313923 10280 [db\db_impl\db_impl.cc:789] STATISTICS:
 rocksdb.block.cache.miss COUNT : 0
rocksdb.block.cache.hit COUNT : 0
rocksdb.block.cache.add COUNT : 0
rocksdb.block.cache.add.failures COUNT : 0
rocksdb.block.cache.index.miss COUNT : 0
rocksdb.block.cache.index.hit COUNT : 0
rocksdb.block.cache.index.add COUNT : 0
rocksdb.block.cache.index.bytes.insert COUNT : 0
rocksdb.block.cache.index.bytes.evict COUNT : 0
rocksdb.block.cache.filter.miss COUNT : 0
rocksdb.block.cache.filter.hit COUNT : 0
rocksdb.block.cache.filter.add COUNT : 0
rocksdb.block.cache.filter.bytes.insert COUNT : 0
rocksdb.block.cache.filter.bytes.evict COUNT : 0
rocksdb.block.cache.data.miss COUNT : 0
rocksdb.block.cache.data.hit COUNT : 0
rocksdb.block.cache.data.add COUNT : 0
rocksdb.block.cache.data.bytes.insert COUNT : 0
rocksdb.block.cache.bytes.read COUNT : 0
rocksdb.block.cache.bytes.write COUNT : 0
rocksdb.bloom.filter.useful COUNT : 0
rocksdb.bloom.filter.full.positive COUNT : 0
rocksdb.bloom.filter.full.true.positive COUNT : 0
rocksdb.bloom.filter.micros COUNT : 0
rocksdb.persistent.cache.hit COUNT : 0
rocksdb.persistent.cache.miss COUNT : 0
rocksdb.sim.block.cache.hit COUNT : 0
rocksdb.sim.block.cache.miss COUNT : 0
rocksdb.memtable.hit COUNT : 0
rocksdb.memtable.miss COUNT : 1
rocksdb.l0.hit COUNT : 0
rocksdb.l1.hit COUNT : 0
rocksdb.l2andup.hit COUNT : 0
rocksdb.compaction.key.drop.new COUNT : 0
rocksdb.compaction.key.drop.obsolete COUNT : 0
rocksdb.compaction.key.drop.range_del COUNT : 0
rocksdb.compaction.key.drop.user COUNT : 0
rocksdb.compaction.range_del.drop.obsolete COUNT : 0
rocksdb.compaction.optimized.del.drop.obsolete COUNT : 0
rocksdb.compaction.cancelled COUNT : 0
rocksdb.number.keys.written COUNT : 2
rocksdb.number.keys.read COUNT : 1
rocksdb.number.keys.updated COUNT : 0
rocksdb.bytes.written COUNT : 101
rocksdb.bytes.read COUNT : 0
rocksdb.number.db.seek COUNT : 3
rocksdb.number.db.next COUNT : 0
rocksdb.number.db.prev COUNT : 0
rocksdb.number.db.seek.found COUNT : 0
rocksdb.number.db.next.found COUNT : 0
rocksdb.number.db.prev.found COUNT : 0
rocksdb.db.iter.bytes.read COUNT : 0
rocksdb.no.file.closes COUNT : 0
rocksdb.no.file.opens COUNT : 0
rocksdb.no.file.errors COUNT : 0
rocksdb.l0.slowdown.micros COUNT : 0
rocksdb.memtable.compaction.micros COUNT : 0
rocksdb.l0.num.files.stall.micros COUNT : 0
rocksdb.stall.micros COUNT : 0
rocksdb.db.mutex.wait.micros COUNT : 0
rocksdb.rate.limit.delay.millis COUNT : 0
rocksdb.num.iterators COUNT : 0
rocksdb.number.multiget.get COUNT : 0
rocksdb.number.multiget.keys.read COUNT : 0
rocksdb.number.multiget.bytes.read COUNT : 0
rocksdb.number.deletes.filtered COUNT : 0
rocksdb.number.merge.failures COUNT : 0
rocksdb.bloom.filter.prefix.checked COUNT : 0
rocksdb.bloom.filter.prefix.useful COUNT : 0
rocksdb.number.reseeks.iteration COUNT : 0
rocksdb.getupdatessince.calls COUNT : 0
rocksdb.block.cachecompressed.miss COUNT : 0
rocksdb.block.cachecompressed.hit COUNT : 0
rocksdb.block.cachecompressed.add COUNT : 0
rocksdb.block.cachecompressed.add.failures COUNT : 0
rocksdb.wal.synced COUNT : 1
rocksdb.wal.bytes COUNT : 101
rocksdb.write.self COUNT : 1
rocksdb.write.other COUNT : 0
rocksdb.write.timeout COUNT : 0
rocksdb.write.wal COUNT : 1
rocksdb.compact.read.bytes COUNT : 0
rocksdb.compact.write.bytes COUNT : 0
rocksdb.flush.write.bytes COUNT : 0
rocksdb.compact.read.marked.bytes COUNT : 0
rocksdb.compact.read.periodic.bytes COUNT : 0
rocksdb.compact.read.ttl.bytes COUNT : 0
rocksdb.compact.write.marked.bytes COUNT : 0
rocksdb.compact.write.periodic.bytes COUNT : 0
rocksdb.compact.write.ttl.bytes COUNT : 0
rocksdb.number.direct.load.table.properties COUNT : 0
rocksdb.number.superversion_acquires COUNT : 2
rocksdb.number.superversion_releases COUNT : 0
rocksdb.number.superversion_cleanups COUNT : 0
rocksdb.number.block.compressed COUNT : 0
rocksdb.number.block.decompressed COUNT : 0
rocksdb.number.block.not_compressed COUNT : 0
rocksdb.merge.operation.time.nanos COUNT : 0
rocksdb.filter.operation.time.nanos COUNT : 0
rocksdb.row.cache.hit COUNT : 0
rocksdb.row.cache.miss COUNT : 0
rocksdb.read.amp.estimate.useful.bytes COUNT : 0
rocksdb.read.amp.total.read.bytes COUNT : 0
rocksdb.number.rate_limiter.drains COUNT : 0
rocksdb.number.iter.skip COUNT : 0
rocksdb.blobdb.num.put COUNT : 0
rocksdb.blobdb.num.write COUNT : 0
rocksdb.blobdb.num.get COUNT : 0
rocksdb.blobdb.num.multiget COUNT : 0
rocksdb.blobdb.num.seek COUNT : 0
rocksdb.blobdb.num.next COUNT : 0
rocksdb.blobdb.num.prev COUNT : 0
rocksdb.blobdb.num.keys.written COUNT : 0
rocksdb.blobdb.num.keys.read COUNT : 0
rocksdb.blobdb.bytes.written COUNT : 0
rocksdb.blobdb.bytes.read COUNT : 0
rocksdb.blobdb.write.inlined COUNT : 0
rocksdb.blobdb.write.inlined.ttl COUNT : 0
rocksdb.blobdb.write.blob COUNT : 0
rocksdb.blobdb.write.blob.ttl COUNT : 0
rocksdb.blobdb.blob.file.bytes.written COUNT : 0
rocksdb.blobdb.blob.file.bytes.read COUNT : 0
rocksdb.blobdb.blob.file.synced COUNT : 0
rocksdb.blobdb.blob.index.expired.count COUNT : 0
rocksdb.blobdb.blob.index.expired.size COUNT : 0
rocksdb.blobdb.blob.index.evicted.count COUNT : 0
rocksdb.blobdb.blob.index.evicted.size COUNT : 0
rocksdb.blobdb.gc.num.files COUNT : 0
rocksdb.blobdb.gc.num.new.files COUNT : 0
rocksdb.blobdb.gc.failures COUNT : 0
rocksdb.blobdb.gc.num.keys.overwritten COUNT : 0
rocksdb.blobdb.gc.num.keys.expired COUNT : 0
rocksdb.blobdb.gc.num.keys.relocated COUNT : 0
rocksdb.blobdb.gc.bytes.overwritten COUNT : 0
rocksdb.blobdb.gc.bytes.expired COUNT : 0
rocksdb.blobdb.gc.bytes.relocated COUNT : 0
rocksdb.blobdb.fifo.num.files.evicted COUNT : 0
rocksdb.blobdb.fifo.num.keys.evicted COUNT : 0
rocksdb.blobdb.fifo.bytes.evicted COUNT : 0
rocksdb.txn.overhead.mutex.prepare COUNT : 0
rocksdb.txn.overhead.mutex.old.commit.map COUNT : 0
rocksdb.txn.overhead.duplicate.key COUNT : 0
rocksdb.txn.overhead.mutex.snapshot COUNT : 0
rocksdb.txn.get.tryagain COUNT : 0
rocksdb.number.multiget.keys.found COUNT : 0
rocksdb.num.iterator.created COUNT : 3
rocksdb.num.iterator.deleted COUNT : 3
rocksdb.block.cache.compression.dict.miss COUNT : 0
rocksdb.block.cache.compression.dict.hit COUNT : 0
rocksdb.block.cache.compression.dict.add COUNT : 0
rocksdb.block.cache.compression.dict.bytes.insert COUNT : 0
rocksdb.block.cache.compression.dict.bytes.evict COUNT : 0
rocksdb.block.cache.add.redundant COUNT : 0
rocksdb.block.cache.index.add.redundant COUNT : 0
rocksdb.block.cache.filter.add.redundant COUNT : 0
rocksdb.block.cache.data.add.redundant COUNT : 0
rocksdb.block.cache.compression.dict.add.redundant COUNT : 0
rocksdb.files.marked.trash COUNT : 0
rocksdb.files.deleted.immediately COUNT : 0
