2023/06/27-14:26:32.166375 1f74 RocksDB version: 7.7.3
2023/06/27-14:26:32.166539 1f74 Git sha eb9a80fe1f18017b4d7f4084e8f2554f12234822
2023/06/27-14:26:32.166570 1f74 Compile date 2022-10-24 17:17:55
2023/06/27-14:26:32.166588 1f74 DB SUMMARY
2023/06/27-14:26:32.166602 1f74 DB Session ID:  9K24YW58SMOCBQLSVOLD
2023/06/27-14:26:32.167041 1f74 SST files in .\data\protocol\raft\naming_instance_metadata\log dir, Total Num: 0, files: 
2023/06/27-14:26:32.167071 1f74 Write Ahead Log file in .\data\protocol\raft\naming_instance_metadata\log: 
2023/06/27-14:26:32.167088 1f74                         Options.error_if_exists: 0
2023/06/27-14:26:32.167103 1f74                       Options.create_if_missing: 1
2023/06/27-14:26:32.167116 1f74                         Options.paranoid_checks: 1
2023/06/27-14:26:32.167255 1f74             Options.flush_verify_memtable_count: 1
2023/06/27-14:26:32.167271 1f74                               Options.track_and_verify_wals_in_manifest: 0
2023/06/27-14:26:32.167278 1f74        Options.verify_sst_unique_id_in_manifest: 1
2023/06/27-14:26:32.167284 1f74                                     Options.env: 0000024C7E743240
2023/06/27-14:26:32.167292 1f74                                      Options.fs: WinFS
2023/06/27-14:26:32.167298 1f74                                Options.info_log: 0000024C7BD6BAF0
2023/06/27-14:26:32.167305 1f74                Options.max_file_opening_threads: 16
2023/06/27-14:26:32.167312 1f74                              Options.statistics: 0000024C7E32D6E0
2023/06/27-14:26:32.167318 1f74                               Options.use_fsync: 0
2023/06/27-14:26:32.167324 1f74                       Options.max_log_file_size: 0
2023/06/27-14:26:32.167330 1f74                  Options.max_manifest_file_size: 1073741824
2023/06/27-14:26:32.167336 1f74                   Options.log_file_time_to_roll: 0
2023/06/27-14:26:32.167342 1f74                       Options.keep_log_file_num: 100
2023/06/27-14:26:32.167348 1f74                    Options.recycle_log_file_num: 0
2023/06/27-14:26:32.167354 1f74                         Options.allow_fallocate: 1
2023/06/27-14:26:32.167360 1f74                        Options.allow_mmap_reads: 0
2023/06/27-14:26:32.167366 1f74                       Options.allow_mmap_writes: 0
2023/06/27-14:26:32.167372 1f74                        Options.use_direct_reads: 0
2023/06/27-14:26:32.167378 1f74                        Options.use_direct_io_for_flush_and_compaction: 0
2023/06/27-14:26:32.167384 1f74          Options.create_missing_column_families: 1
2023/06/27-14:26:32.167390 1f74                              Options.db_log_dir: 
2023/06/27-14:26:32.167396 1f74                                 Options.wal_dir: 
2023/06/27-14:26:32.167402 1f74                Options.table_cache_numshardbits: 6
2023/06/27-14:26:32.167408 1f74                         Options.WAL_ttl_seconds: 0
2023/06/27-14:26:32.167414 1f74                       Options.WAL_size_limit_MB: 0
2023/06/27-14:26:32.167420 1f74                        Options.max_write_batch_group_size_bytes: 1048576
2023/06/27-14:26:32.167426 1f74             Options.manifest_preallocation_size: 4194304
2023/06/27-14:26:32.167432 1f74                     Options.is_fd_close_on_exec: 1
2023/06/27-14:26:32.167438 1f74                   Options.advise_random_on_open: 1
2023/06/27-14:26:32.167444 1f74                    Options.db_write_buffer_size: 0
2023/06/27-14:26:32.167451 1f74                    Options.write_buffer_manager: 0000024C7E8A07E0
2023/06/27-14:26:32.167457 1f74         Options.access_hint_on_compaction_start: 1
2023/06/27-14:26:32.167463 1f74           Options.random_access_max_buffer_size: 1048576
2023/06/27-14:26:32.167469 1f74                      Options.use_adaptive_mutex: 0
2023/06/27-14:26:32.167475 1f74                            Options.rate_limiter: 0000000000000000
2023/06/27-14:26:32.167481 1f74     Options.sst_file_manager.rate_bytes_per_sec: 0
2023/06/27-14:26:32.167487 1f74                       Options.wal_recovery_mode: 2
2023/06/27-14:26:32.167494 1f74                  Options.enable_thread_tracking: 0
2023/06/27-14:26:32.167532 1f74                  Options.enable_pipelined_write: 0
2023/06/27-14:26:32.167542 1f74                  Options.unordered_write: 0
2023/06/27-14:26:32.167549 1f74         Options.allow_concurrent_memtable_write: 1
2023/06/27-14:26:32.167555 1f74      Options.enable_write_thread_adaptive_yield: 1
2023/06/27-14:26:32.167561 1f74             Options.write_thread_max_yield_usec: 100
2023/06/27-14:26:32.167567 1f74            Options.write_thread_slow_yield_usec: 3
2023/06/27-14:26:32.167574 1f74                               Options.row_cache: None
2023/06/27-14:26:32.167580 1f74                              Options.wal_filter: None
2023/06/27-14:26:32.167587 1f74             Options.avoid_flush_during_recovery: 0
2023/06/27-14:26:32.167592 1f74             Options.allow_ingest_behind: 0
2023/06/27-14:26:32.167599 1f74             Options.two_write_queues: 0
2023/06/27-14:26:32.167604 1f74             Options.manual_wal_flush: 0
2023/06/27-14:26:32.167610 1f74             Options.wal_compression: 0
2023/06/27-14:26:32.167616 1f74             Options.atomic_flush: 0
2023/06/27-14:26:32.167622 1f74             Options.avoid_unnecessary_blocking_io: 0
2023/06/27-14:26:32.167628 1f74                 Options.persist_stats_to_disk: 0
2023/06/27-14:26:32.167633 1f74                 Options.write_dbid_to_manifest: 0
2023/06/27-14:26:32.167640 1f74                 Options.log_readahead_size: 0
2023/06/27-14:26:32.167646 1f74                 Options.file_checksum_gen_factory: Unknown
2023/06/27-14:26:32.167652 1f74                 Options.best_efforts_recovery: 0
2023/06/27-14:26:32.167659 1f74                Options.max_bgerror_resume_count: 2147483647
2023/06/27-14:26:32.167666 1f74            Options.bgerror_resume_retry_interval: 1000000
2023/06/27-14:26:32.167672 1f74             Options.allow_data_in_errors: 0
2023/06/27-14:26:32.167678 1f74             Options.db_host_id: __hostname__
2023/06/27-14:26:32.167684 1f74             Options.enforce_single_del_contracts: true
2023/06/27-14:26:32.167690 1f74             Options.max_background_jobs: 2
2023/06/27-14:26:32.167696 1f74             Options.max_background_compactions: 4
2023/06/27-14:26:32.167707 1f74             Options.max_subcompactions: 1
2023/06/27-14:26:32.167713 1f74             Options.avoid_flush_during_shutdown: 0
2023/06/27-14:26:32.167718 1f74           Options.writable_file_max_buffer_size: 1048576
2023/06/27-14:26:32.167724 1f74             Options.delayed_write_rate : 16777216
2023/06/27-14:26:32.167731 1f74             Options.max_total_wal_size: 1073741824
2023/06/27-14:26:32.167736 1f74             Options.delete_obsolete_files_period_micros: 21600000000
2023/06/27-14:26:32.167743 1f74                   Options.stats_dump_period_sec: 600
2023/06/27-14:26:32.167749 1f74                 Options.stats_persist_period_sec: 600
2023/06/27-14:26:32.167755 1f74                 Options.stats_history_buffer_size: 1048576
2023/06/27-14:26:32.167761 1f74                          Options.max_open_files: -1
2023/06/27-14:26:32.167767 1f74                          Options.bytes_per_sync: 0
2023/06/27-14:26:32.167773 1f74                      Options.wal_bytes_per_sync: 0
2023/06/27-14:26:32.167778 1f74                   Options.strict_bytes_per_sync: 0
2023/06/27-14:26:32.167784 1f74       Options.compaction_readahead_size: 0
2023/06/27-14:26:32.167790 1f74                  Options.max_background_flushes: 1
2023/06/27-14:26:32.167797 1f74 Compression algorithms supported:
2023/06/27-14:26:32.167803 1f74 	kZSTD supported: 1
2023/06/27-14:26:32.167809 1f74 	kSnappyCompression supported: 1
2023/06/27-14:26:32.167816 1f74 	kBZip2Compression supported: 0
2023/06/27-14:26:32.167821 1f74 	kZlibCompression supported: 1
2023/06/27-14:26:32.167827 1f74 	kLZ4Compression supported: 1
2023/06/27-14:26:32.167833 1f74 	kXpressCompression supported: 0
2023/06/27-14:26:32.167839 1f74 	kLZ4HCCompression supported: 1
2023/06/27-14:26:32.167845 1f74 	kZSTDNotFinalCompression supported: 1
2023/06/27-14:26:32.167853 1f74 Fast CRC32 supported: Not supported on x86
2023/06/27-14:26:32.167879 1f74 DMutex implementation: std::mutex
2023/06/27-14:26:32.175494 1f74 [db\db_impl\db_impl_open.cc:313] Creating manifest 1 
2023/06/27-14:26:32.181994 1f74 [db\version_set.cc:5531] Recovering from manifest file: .\data\protocol\raft\naming_instance_metadata\log/MANIFEST-000001
2023/06/27-14:26:32.182366 1f74 [db\column_family.cc:633] --------------- Options for column family [default]:
2023/06/27-14:26:32.182383 1f74               Options.comparator: leveldb.BytewiseComparator
2023/06/27-14:26:32.182391 1f74           Options.merge_operator: StringAppendOperator
2023/06/27-14:26:32.182398 1f74        Options.compaction_filter: None
2023/06/27-14:26:32.182404 1f74        Options.compaction_filter_factory: None
2023/06/27-14:26:32.182410 1f74  Options.sst_partitioner_factory: None
2023/06/27-14:26:32.182416 1f74         Options.memtable_factory: SkipListFactory
2023/06/27-14:26:32.182422 1f74            Options.table_factory: BlockBasedTable
2023/06/27-14:26:32.182458 1f74            table_factory options:   flush_block_policy_factory: FlushBlockBySizePolicyFactory (0000024C7B480DB0)
  cache_index_and_filter_blocks: 0
  cache_index_and_filter_blocks_with_high_priority: 1
  pin_l0_filter_and_index_blocks_in_cache: 1
  pin_top_level_index_and_filter: 1
  index_type: 2
  data_block_index_type: 0
  index_shortening: 1
  data_block_hash_table_util_ratio: 0.750000
  checksum: 1
  no_block_cache: 0
  block_cache: 0000024C7E53DB00
  block_cache_name: LRUCache
  block_cache_options:
    capacity : 536870912
    num_shard_bits : 8
    strict_capacity_limit : 0
    memory_allocator : None
    high_pri_pool_ratio: 0.500
    low_pri_pool_ratio: 0.000
  block_cache_compressed: 0000000000000000
  persistent_cache: 0000000000000000
  block_size: 4096
  block_size_deviation: 10
  block_restart_interval: 16
  index_block_restart_interval: 1
  metadata_block_size: 8192
  partition_filters: 1
  use_delta_encoding: 1
  filter_policy: nullptr
  whole_key_filtering: 1
  verify_compression: 0
  read_amp_bytes_per_bit: 0
  format_version: 5
  enable_index_compression: 1
  block_align: 0
  max_auto_readahead_size: 262144
  prepopulate_block_cache: 0
  initial_auto_readahead_size: 8192
  num_file_reads_for_auto_readahead: 2
2023/06/27-14:26:32.182467 1f74        Options.write_buffer_size: 67108864
2023/06/27-14:26:32.182474 1f74  Options.max_write_buffer_number: 3
2023/06/27-14:26:32.182480 1f74          Options.compression: Snappy
2023/06/27-14:26:32.182486 1f74                  Options.bottommost_compression: Disabled
2023/06/27-14:26:32.182492 1f74       Options.prefix_extractor: rocksdb.FixedPrefix
2023/06/27-14:26:32.182499 1f74   Options.memtable_insert_with_hint_prefix_extractor: nullptr
2023/06/27-14:26:32.182505 1f74             Options.num_levels: 7
2023/06/27-14:26:32.182511 1f74        Options.min_write_buffer_number_to_merge: 1
2023/06/27-14:26:32.182517 1f74     Options.max_write_buffer_number_to_maintain: 0
2023/06/27-14:26:32.182523 1f74     Options.max_write_buffer_size_to_maintain: 0
2023/06/27-14:26:32.182529 1f74            Options.bottommost_compression_opts.window_bits: -14
2023/06/27-14:26:32.182535 1f74                  Options.bottommost_compression_opts.level: 32767
2023/06/27-14:26:32.182542 1f74               Options.bottommost_compression_opts.strategy: 0
2023/06/27-14:26:32.182548 1f74         Options.bottommost_compression_opts.max_dict_bytes: 0
2023/06/27-14:26:32.182554 1f74         Options.bottommost_compression_opts.zstd_max_train_bytes: 0
2023/06/27-14:26:32.182560 1f74         Options.bottommost_compression_opts.parallel_threads: 1
2023/06/27-14:26:32.182566 1f74                  Options.bottommost_compression_opts.enabled: false
2023/06/27-14:26:32.182572 1f74         Options.bottommost_compression_opts.max_dict_buffer_bytes: 0
2023/06/27-14:26:32.182578 1f74         Options.bottommost_compression_opts.use_zstd_dict_trainer: true
2023/06/27-14:26:32.182584 1f74            Options.compression_opts.window_bits: -14
2023/06/27-14:26:32.182591 1f74                  Options.compression_opts.level: 32767
2023/06/27-14:26:32.182602 1f74               Options.compression_opts.strategy: 0
2023/06/27-14:26:32.182610 1f74         Options.compression_opts.max_dict_bytes: 0
2023/06/27-14:26:32.182616 1f74         Options.compression_opts.zstd_max_train_bytes: 0
2023/06/27-14:26:32.182622 1f74         Options.compression_opts.use_zstd_dict_trainer: true
2023/06/27-14:26:32.182627 1f74         Options.compression_opts.parallel_threads: 1
2023/06/27-14:26:32.182633 1f74                  Options.compression_opts.enabled: false
2023/06/27-14:26:32.182639 1f74         Options.compression_opts.max_dict_buffer_bytes: 0
2023/06/27-14:26:32.182646 1f74      Options.level0_file_num_compaction_trigger: 10
2023/06/27-14:26:32.182653 1f74          Options.level0_slowdown_writes_trigger: 20
2023/06/27-14:26:32.182659 1f74              Options.level0_stop_writes_trigger: 40
2023/06/27-14:26:32.182664 1f74                   Options.target_file_size_base: 67108864
2023/06/27-14:26:32.182670 1f74             Options.target_file_size_multiplier: 1
2023/06/27-14:26:32.182676 1f74                Options.max_bytes_for_level_base: 536870912
2023/06/27-14:26:32.182682 1f74 Options.level_compaction_dynamic_level_bytes: 0
2023/06/27-14:26:32.182688 1f74          Options.max_bytes_for_level_multiplier: 10.000000
2023/06/27-14:26:32.182700 1f74 Options.max_bytes_for_level_multiplier_addtl[0]: 1
2023/06/27-14:26:32.182708 1f74 Options.max_bytes_for_level_multiplier_addtl[1]: 1
2023/06/27-14:26:32.182714 1f74 Options.max_bytes_for_level_multiplier_addtl[2]: 1
2023/06/27-14:26:32.182719 1f74 Options.max_bytes_for_level_multiplier_addtl[3]: 1
2023/06/27-14:26:32.182725 1f74 Options.max_bytes_for_level_multiplier_addtl[4]: 1
2023/06/27-14:26:32.182731 1f74 Options.max_bytes_for_level_multiplier_addtl[5]: 1
2023/06/27-14:26:32.182737 1f74 Options.max_bytes_for_level_multiplier_addtl[6]: 1
2023/06/27-14:26:32.182743 1f74       Options.max_sequential_skip_in_iterations: 8
2023/06/27-14:26:32.182749 1f74                    Options.max_compaction_bytes: 1677721600
2023/06/27-14:26:32.182755 1f74                        Options.arena_block_size: 1048576
2023/06/27-14:26:32.182761 1f74   Options.soft_pending_compaction_bytes_limit: 68719476736
2023/06/27-14:26:32.182768 1f74   Options.hard_pending_compaction_bytes_limit: 274877906944
2023/06/27-14:26:32.182774 1f74                Options.disable_auto_compactions: 0
2023/06/27-14:26:32.182781 1f74                        Options.compaction_style: kCompactionStyleLevel
2023/06/27-14:26:32.182788 1f74                          Options.compaction_pri: kMinOverlappingRatio
2023/06/27-14:26:32.182794 1f74 Options.compaction_options_universal.size_ratio: 1
2023/06/27-14:26:32.182800 1f74 Options.compaction_options_universal.min_merge_width: 2
2023/06/27-14:26:32.182806 1f74 Options.compaction_options_universal.max_merge_width: 4294967295
2023/06/27-14:26:32.182812 1f74 Options.compaction_options_universal.max_size_amplification_percent: 200
2023/06/27-14:26:32.182818 1f74 Options.compaction_options_universal.compression_size_percent: -1
2023/06/27-14:26:32.182825 1f74 Options.compaction_options_universal.stop_style: kCompactionStopStyleTotalSize
2023/06/27-14:26:32.182832 1f74 Options.compaction_options_fifo.max_table_files_size: 1073741824
2023/06/27-14:26:32.182838 1f74 Options.compaction_options_fifo.allow_compaction: 0
2023/06/27-14:26:32.182846 1f74                   Options.table_properties_collectors: 
2023/06/27-14:26:32.182852 1f74                   Options.inplace_update_support: 0
2023/06/27-14:26:32.182858 1f74                 Options.inplace_update_num_locks: 10000
2023/06/27-14:26:32.182864 1f74               Options.memtable_prefix_bloom_size_ratio: 0.125000
2023/06/27-14:26:32.182871 1f74               Options.memtable_whole_key_filtering: 0
2023/06/27-14:26:32.182877 1f74   Options.memtable_huge_page_size: 0
2023/06/27-14:26:32.182883 1f74                           Options.bloom_locality: 0
2023/06/27-14:26:32.182890 1f74                    Options.max_successive_merges: 0
2023/06/27-14:26:32.182896 1f74                Options.optimize_filters_for_hits: 0
2023/06/27-14:26:32.182948 1f74                Options.paranoid_file_checks: 0
2023/06/27-14:26:32.182958 1f74                Options.force_consistency_checks: 1
2023/06/27-14:26:32.182965 1f74                Options.report_bg_io_stats: 0
2023/06/27-14:26:32.182970 1f74                               Options.ttl: 2592000
2023/06/27-14:26:32.182977 1f74          Options.periodic_compaction_seconds: 0
2023/06/27-14:26:32.182982 1f74  Options.preclude_last_level_data_seconds: 0
2023/06/27-14:26:32.182988 1f74                       Options.enable_blob_files: false
2023/06/27-14:26:32.182994 1f74                           Options.min_blob_size: 0
2023/06/27-14:26:32.183000 1f74                          Options.blob_file_size: 268435456
2023/06/27-14:26:32.183006 1f74                   Options.blob_compression_type: NoCompression
2023/06/27-14:26:32.183012 1f74          Options.enable_blob_garbage_collection: false
2023/06/27-14:26:32.183018 1f74      Options.blob_garbage_collection_age_cutoff: 0.250000
2023/06/27-14:26:32.183025 1f74 Options.blob_garbage_collection_force_threshold: 1.000000
2023/06/27-14:26:32.183033 1f74          Options.blob_compaction_readahead_size: 0
2023/06/27-14:26:32.183038 1f74                Options.blob_file_starting_level: 0
2023/06/27-14:26:32.183044 1f74 Options.experimental_mempurge_threshold: 0.000000
2023/06/27-14:26:32.186749 1f74 [db\version_set.cc:5579] Recovered from manifest file:.\data\protocol\raft\naming_instance_metadata\log/MANIFEST-000001 succeeded,manifest_file_number is 1, next_file_number is 3, last_sequence is 0, log_number is 0,prev_log_number is 0,max_column_family is 0,min_log_number_to_keep is 0
2023/06/27-14:26:32.186776 1f74 [db\version_set.cc:5588] Column family [default] (ID 0), log number is 0
2023/06/27-14:26:32.187373 1f74 [db\db_impl\db_impl_open.cc:529] DB ID: 8e065852-14b3-11ee-959e-ec63d7b16e84
2023/06/27-14:26:32.189059 1f74 [db\version_set.cc:5051] Creating manifest 5
2023/06/27-14:26:32.194905 1f74 [db\column_family.cc:633] --------------- Options for column family [Configuration]:
2023/06/27-14:26:32.194928 1f74               Options.comparator: leveldb.BytewiseComparator
2023/06/27-14:26:32.194936 1f74           Options.merge_operator: StringAppendOperator
2023/06/27-14:26:32.194943 1f74        Options.compaction_filter: None
2023/06/27-14:26:32.194949 1f74        Options.compaction_filter_factory: None
2023/06/27-14:26:32.194955 1f74  Options.sst_partitioner_factory: None
2023/06/27-14:26:32.194961 1f74         Options.memtable_factory: SkipListFactory
2023/06/27-14:26:32.194967 1f74            Options.table_factory: BlockBasedTable
2023/06/27-14:26:32.195003 1f74            table_factory options:   flush_block_policy_factory: FlushBlockBySizePolicyFactory (0000024C7B480DB0)
  cache_index_and_filter_blocks: 0
  cache_index_and_filter_blocks_with_high_priority: 1
  pin_l0_filter_and_index_blocks_in_cache: 1
  pin_top_level_index_and_filter: 1
  index_type: 2
  data_block_index_type: 0
  index_shortening: 1
  data_block_hash_table_util_ratio: 0.750000
  checksum: 1
  no_block_cache: 0
  block_cache: 0000024C7E53DB00
  block_cache_name: LRUCache
  block_cache_options:
    capacity : 536870912
    num_shard_bits : 8
    strict_capacity_limit : 0
    memory_allocator : None
    high_pri_pool_ratio: 0.500
    low_pri_pool_ratio: 0.000
  block_cache_compressed: 0000000000000000
  persistent_cache: 0000000000000000
  block_size: 4096
  block_size_deviation: 10
  block_restart_interval: 16
  index_block_restart_interval: 1
  metadata_block_size: 8192
  partition_filters: 1
  use_delta_encoding: 1
  filter_policy: nullptr
  whole_key_filtering: 1
  verify_compression: 0
  read_amp_bytes_per_bit: 0
  format_version: 5
  enable_index_compression: 1
  block_align: 0
  max_auto_readahead_size: 262144
  prepopulate_block_cache: 0
  initial_auto_readahead_size: 8192
  num_file_reads_for_auto_readahead: 2
2023/06/27-14:26:32.195012 1f74        Options.write_buffer_size: 67108864
2023/06/27-14:26:32.195019 1f74  Options.max_write_buffer_number: 3
2023/06/27-14:26:32.195029 1f74          Options.compression: Snappy
2023/06/27-14:26:32.195037 1f74                  Options.bottommost_compression: Disabled
2023/06/27-14:26:32.195044 1f74       Options.prefix_extractor: rocksdb.FixedPrefix
2023/06/27-14:26:32.195050 1f74   Options.memtable_insert_with_hint_prefix_extractor: nullptr
2023/06/27-14:26:32.195056 1f74             Options.num_levels: 7
2023/06/27-14:26:32.195063 1f74        Options.min_write_buffer_number_to_merge: 1
2023/06/27-14:26:32.195070 1f74     Options.max_write_buffer_number_to_maintain: 0
2023/06/27-14:26:32.195076 1f74     Options.max_write_buffer_size_to_maintain: 0
2023/06/27-14:26:32.195082 1f74            Options.bottommost_compression_opts.window_bits: -14
2023/06/27-14:26:32.195089 1f74                  Options.bottommost_compression_opts.level: 32767
2023/06/27-14:26:32.195095 1f74               Options.bottommost_compression_opts.strategy: 0
2023/06/27-14:26:32.195101 1f74         Options.bottommost_compression_opts.max_dict_bytes: 0
2023/06/27-14:26:32.195108 1f74         Options.bottommost_compression_opts.zstd_max_train_bytes: 0
2023/06/27-14:26:32.195114 1f74         Options.bottommost_compression_opts.parallel_threads: 1
2023/06/27-14:26:32.195120 1f74                  Options.bottommost_compression_opts.enabled: false
2023/06/27-14:26:32.195126 1f74         Options.bottommost_compression_opts.max_dict_buffer_bytes: 0
2023/06/27-14:26:32.195132 1f74         Options.bottommost_compression_opts.use_zstd_dict_trainer: true
2023/06/27-14:26:32.195138 1f74            Options.compression_opts.window_bits: -14
2023/06/27-14:26:32.195144 1f74                  Options.compression_opts.level: 32767
2023/06/27-14:26:32.195150 1f74               Options.compression_opts.strategy: 0
2023/06/27-14:26:32.195156 1f74         Options.compression_opts.max_dict_bytes: 0
2023/06/27-14:26:32.195162 1f74         Options.compression_opts.zstd_max_train_bytes: 0
2023/06/27-14:26:32.195168 1f74         Options.compression_opts.use_zstd_dict_trainer: true
2023/06/27-14:26:32.195174 1f74         Options.compression_opts.parallel_threads: 1
2023/06/27-14:26:32.195180 1f74                  Options.compression_opts.enabled: false
2023/06/27-14:26:32.195186 1f74         Options.compression_opts.max_dict_buffer_bytes: 0
2023/06/27-14:26:32.195192 1f74      Options.level0_file_num_compaction_trigger: 10
2023/06/27-14:26:32.195198 1f74          Options.level0_slowdown_writes_trigger: 20
2023/06/27-14:26:32.195204 1f74              Options.level0_stop_writes_trigger: 40
2023/06/27-14:26:32.195210 1f74                   Options.target_file_size_base: 67108864
2023/06/27-14:26:32.195217 1f74             Options.target_file_size_multiplier: 1
2023/06/27-14:26:32.195222 1f74                Options.max_bytes_for_level_base: 536870912
2023/06/27-14:26:32.195228 1f74 Options.level_compaction_dynamic_level_bytes: 0
2023/06/27-14:26:32.195234 1f74          Options.max_bytes_for_level_multiplier: 10.000000
2023/06/27-14:26:32.195241 1f74 Options.max_bytes_for_level_multiplier_addtl[0]: 1
2023/06/27-14:26:32.195248 1f74 Options.max_bytes_for_level_multiplier_addtl[1]: 1
2023/06/27-14:26:32.195254 1f74 Options.max_bytes_for_level_multiplier_addtl[2]: 1
2023/06/27-14:26:32.195260 1f74 Options.max_bytes_for_level_multiplier_addtl[3]: 1
2023/06/27-14:26:32.195265 1f74 Options.max_bytes_for_level_multiplier_addtl[4]: 1
2023/06/27-14:26:32.195271 1f74 Options.max_bytes_for_level_multiplier_addtl[5]: 1
2023/06/27-14:26:32.195277 1f74 Options.max_bytes_for_level_multiplier_addtl[6]: 1
2023/06/27-14:26:32.195282 1f74       Options.max_sequential_skip_in_iterations: 8
2023/06/27-14:26:32.195288 1f74                    Options.max_compaction_bytes: 1677721600
2023/06/27-14:26:32.195294 1f74                        Options.arena_block_size: 1048576
2023/06/27-14:26:32.195300 1f74   Options.soft_pending_compaction_bytes_limit: 68719476736
2023/06/27-14:26:32.195306 1f74   Options.hard_pending_compaction_bytes_limit: 274877906944
2023/06/27-14:26:32.195312 1f74                Options.disable_auto_compactions: 0
2023/06/27-14:26:32.195320 1f74                        Options.compaction_style: kCompactionStyleLevel
2023/06/27-14:26:32.195328 1f74                          Options.compaction_pri: kMinOverlappingRatio
2023/06/27-14:26:32.195334 1f74 Options.compaction_options_universal.size_ratio: 1
2023/06/27-14:26:32.195340 1f74 Options.compaction_options_universal.min_merge_width: 2
2023/06/27-14:26:32.195346 1f74 Options.compaction_options_universal.max_merge_width: 4294967295
2023/06/27-14:26:32.195352 1f74 Options.compaction_options_universal.max_size_amplification_percent: 200
2023/06/27-14:26:32.195358 1f74 Options.compaction_options_universal.compression_size_percent: -1
2023/06/27-14:26:32.195365 1f74 Options.compaction_options_universal.stop_style: kCompactionStopStyleTotalSize
2023/06/27-14:26:32.195371 1f74 Options.compaction_options_fifo.max_table_files_size: 1073741824
2023/06/27-14:26:32.195377 1f74 Options.compaction_options_fifo.allow_compaction: 0
2023/06/27-14:26:32.195385 1f74                   Options.table_properties_collectors: 
2023/06/27-14:26:32.195391 1f74                   Options.inplace_update_support: 0
2023/06/27-14:26:32.195398 1f74                 Options.inplace_update_num_locks: 10000
2023/06/27-14:26:32.195404 1f74               Options.memtable_prefix_bloom_size_ratio: 0.125000
2023/06/27-14:26:32.195411 1f74               Options.memtable_whole_key_filtering: 0
2023/06/27-14:26:32.195417 1f74   Options.memtable_huge_page_size: 0
2023/06/27-14:26:32.195423 1f74                           Options.bloom_locality: 0
2023/06/27-14:26:32.195428 1f74                    Options.max_successive_merges: 0
2023/06/27-14:26:32.195434 1f74                Options.optimize_filters_for_hits: 0
2023/06/27-14:26:32.195440 1f74                Options.paranoid_file_checks: 0
2023/06/27-14:26:32.195446 1f74                Options.force_consistency_checks: 1
2023/06/27-14:26:32.195452 1f74                Options.report_bg_io_stats: 0
2023/06/27-14:26:32.195458 1f74                               Options.ttl: 2592000
2023/06/27-14:26:32.195464 1f74          Options.periodic_compaction_seconds: 0
2023/06/27-14:26:32.195470 1f74  Options.preclude_last_level_data_seconds: 0
2023/06/27-14:26:32.195475 1f74                       Options.enable_blob_files: false
2023/06/27-14:26:32.195481 1f74                           Options.min_blob_size: 0
2023/06/27-14:26:32.195487 1f74                          Options.blob_file_size: 268435456
2023/06/27-14:26:32.195493 1f74                   Options.blob_compression_type: NoCompression
2023/06/27-14:26:32.195500 1f74          Options.enable_blob_garbage_collection: false
2023/06/27-14:26:32.195506 1f74      Options.blob_garbage_collection_age_cutoff: 0.250000
2023/06/27-14:26:32.195513 1f74 Options.blob_garbage_collection_force_threshold: 1.000000
2023/06/27-14:26:32.195519 1f74          Options.blob_compaction_readahead_size: 0
2023/06/27-14:26:32.195525 1f74                Options.blob_file_starting_level: 0
2023/06/27-14:26:32.195531 1f74 Options.experimental_mempurge_threshold: 0.000000
2023/06/27-14:26:32.197175 1f74 [db\db_impl\db_impl.cc:3086] Created column family [Configuration] (ID 1)
2023/06/27-14:26:32.214600 1f74 [db\db_impl\db_impl_open.cc:1985] SstFileManager instance 0000024C7B5AD950
2023/06/27-14:26:32.215356 1f74 DB pointer 0000024C7E8C29C0
2023/06/27-14:26:35.223846 10280 [db\db_impl\db_impl.cc:1101] ------- DUMPING STATS -------
2023/06/27-14:26:35.223908 10280 [db\db_impl\db_impl.cc:1102] 
** DB Stats **
Uptime(secs): 3.0 total, 3.0 interval
Cumulative writes: 1 writes, 2 keys, 1 commit groups, 1.0 writes per commit group, ingest: 0.00 GB, 0.00 MB/s
Cumulative WAL: 1 writes, 1 syncs, 1.00 writes per sync, written: 0.00 GB, 0.00 MB/s
Cumulative stall: 00:00:0.000 H:M:S, 0.0 percent
Interval writes: 1 writes, 2 keys, 1 commit groups, 1.0 writes per commit group, ingest: 0.00 MB, 0.00 MB/s
Interval WAL: 1 writes, 1 syncs, 1.00 writes per sync, written: 0.00 GB, 0.00 MB/s
Interval stall: 00:00:0.000 H:M:S, 0.0 percent

** Compaction Stats [default] **
Level    Files   Size     Score Read(GB)  Rn(GB) Rnp1(GB) Write(GB) Wnew(GB) Moved(GB) W-Amp Rd(MB/s) Wr(MB/s) Comp(sec) CompMergeCPU(sec) Comp(cnt) Avg(sec) KeyIn KeyDrop Rblob(GB) Wblob(GB)
------------------------------------------------------------------------------------------------------------------------------------------------------------------------------------------------
 Sum      0/0    0.00 KB   0.0      0.0     0.0      0.0       0.0      0.0       0.0   0.0      0.0      0.0      0.00              0.00         0    0.000       0      0       0.0       0.0
 Int      0/0    0.00 KB   0.0      0.0     0.0      0.0       0.0      0.0       0.0   0.0      0.0      0.0      0.00              0.00         0    0.000       0      0       0.0       0.0

** Compaction Stats [default] **
Priority    Files   Size     Score Read(GB)  Rn(GB) Rnp1(GB) Write(GB) Wnew(GB) Moved(GB) W-Amp Rd(MB/s) Wr(MB/s) Comp(sec) CompMergeCPU(sec) Comp(cnt) Avg(sec) KeyIn KeyDrop Rblob(GB) Wblob(GB)
---------------------------------------------------------------------------------------------------------------------------------------------------------------------------------------------------

Blob file count: 0, total size: 0.0 GB, garbage size: 0.0 GB, space amp: 0.0

Uptime(secs): 3.0 total, 3.0 interval
Flush(GB): cumulative 0.000, interval 0.000
AddFile(GB): cumulative 0.000, interval 0.000
AddFile(Total Files): cumulative 0, interval 0
AddFile(L0 Files): cumulative 0, interval 0
AddFile(Keys): cumulative 0, interval 0
Cumulative compaction: 0.00 GB write, 0.00 MB/s write, 0.00 GB read, 0.00 MB/s read, 0.0 seconds
Interval compaction: 0.00 GB write, 0.00 MB/s write, 0.00 GB read, 0.00 MB/s read, 0.0 seconds
Stalls(count): 0 level0_slowdown, 0 level0_slowdown_with_compaction, 0 level0_numfiles, 0 level0_numfiles_with_compaction, 0 stop for pending_compaction_bytes, 0 slowdown for pending_compaction_bytes, 0 memtable_compaction, 0 memtable_slowdown, interval 0 total count
Block cache LRUCache@0000024C7E53DB00#39040 capacity: 512.00 MB usage: 0.08 KB table_size: 4096 occupancy: 1 collections: 1 last_copies: 1 last_secs: 0.000368 secs_since: 0
Block cache entry stats(count,size,portion): Misc(1,0.00 KB,0%)

** Compaction Stats [Configuration] **
Level    Files   Size     Score Read(GB)  Rn(GB) Rnp1(GB) Write(GB) Wnew(GB) Moved(GB) W-Amp Rd(MB/s) Wr(MB/s) Comp(sec) CompMergeCPU(sec) Comp(cnt) Avg(sec) KeyIn KeyDrop Rblob(GB) Wblob(GB)
------------------------------------------------------------------------------------------------------------------------------------------------------------------------------------------------
 Sum      0/0    0.00 KB   0.0      0.0     0.0      0.0       0.0      0.0       0.0   0.0      0.0      0.0      0.00              0.00         0    0.000       0      0       0.0       0.0
 Int      0/0    0.00 KB   0.0      0.0     0.0      0.0       0.0      0.0       0.0   0.0      0.0      0.0      0.00              0.00         0    0.000       0      0       0.0       0.0

** Compaction Stats [Configuration] **
Priority    Files   Size     Score Read(GB)  Rn(GB) Rnp1(GB) Write(GB) Wnew(GB) Moved(GB) W-Amp Rd(MB/s) Wr(MB/s) Comp(sec) CompMergeCPU(sec) Comp(cnt) Avg(sec) KeyIn KeyDrop Rblob(GB) Wblob(GB)
---------------------------------------------------------------------------------------------------------------------------------------------------------------------------------------------------

Blob file count: 0, total size: 0.0 GB, garbage size: 0.0 GB, space amp: 0.0

Uptime(secs): 3.0 total, 3.0 interval
Flush(GB): cumulative 0.000, interval 0.000
AddFile(GB): cumulative 0.000, interval 0.000
AddFile(Total Files): cumulative 0, interval 0
AddFile(L0 Files): cumulative 0, interval 0
AddFile(Keys): cumulative 0, interval 0
Cumulative compaction: 0.00 GB write, 0.00 MB/s write, 0.00 GB read, 0.00 MB/s read, 0.0 seconds
Interval compaction: 0.00 GB write, 0.00 MB/s write, 0.00 GB read, 0.00 MB/s read, 0.0 seconds
Stalls(count): 0 level0_slowdown, 0 level0_slowdown_with_compaction, 0 level0_numfiles, 0 level0_numfiles_with_compaction, 0 stop for pending_compaction_bytes, 0 slowdown for pending_compaction_bytes, 0 memtable_compaction, 0 memtable_slowdown, interval 0 total count
Block cache LRUCache@0000024C7E53DB00#39040 capacity: 512.00 MB usage: 0.08 KB table_size: 4096 occupancy: 1 collections: 1 last_copies: 1 last_secs: 0.000368 secs_since: 0
Block cache entry stats(count,size,portion): Misc(1,0.00 KB,0%)

** File Read Latency Histogram By Level [default] **

** File Read Latency Histogram By Level [Configuration] **
2023/06/27-14:26:35.224590 10280 [db\db_impl\db_impl.cc:789] STATISTICS:
 rocksdb.block.cache.miss COUNT : 0
rocksdb.block.cache.hit COUNT : 0
rocksdb.block.cache.add COUNT : 0
rocksdb.block.cache.add.failures COUNT : 0
rocksdb.block.cache.index.miss COUNT : 0
rocksdb.block.cache.index.hit COUNT : 0
rocksdb.block.cache.index.add COUNT : 0
rocksdb.block.cache.index.bytes.insert COUNT : 0
rocksdb.block.cache.index.bytes.evict COUNT : 0
rocksdb.block.cache.filter.miss COUNT : 0
rocksdb.block.cache.filter.hit COUNT : 0
rocksdb.block.cache.filter.add COUNT : 0
rocksdb.block.cache.filter.bytes.insert COUNT : 0
rocksdb.block.cache.filter.bytes.evict COUNT : 0
rocksdb.block.cache.data.miss COUNT : 0
rocksdb.block.cache.data.hit COUNT : 0
rocksdb.block.cache.data.add COUNT : 0
rocksdb.block.cache.data.bytes.insert COUNT : 0
rocksdb.block.cache.bytes.read COUNT : 0
rocksdb.block.cache.bytes.write COUNT : 0
rocksdb.bloom.filter.useful COUNT : 0
rocksdb.bloom.filter.full.positive COUNT : 0
rocksdb.bloom.filter.full.true.positive COUNT : 0
rocksdb.bloom.filter.micros COUNT : 0
rocksdb.persistent.cache.hit COUNT : 0
rocksdb.persistent.cache.miss COUNT : 0
rocksdb.sim.block.cache.hit COUNT : 0
rocksdb.sim.block.cache.miss COUNT : 0
rocksdb.memtable.hit COUNT : 0
rocksdb.memtable.miss COUNT : 1
rocksdb.l0.hit COUNT : 0
rocksdb.l1.hit COUNT : 0
rocksdb.l2andup.hit COUNT : 0
rocksdb.compaction.key.drop.new COUNT : 0
rocksdb.compaction.key.drop.obsolete COUNT : 0
rocksdb.compaction.key.drop.range_del COUNT : 0
rocksdb.compaction.key.drop.user COUNT : 0
rocksdb.compaction.range_del.drop.obsolete COUNT : 0
rocksdb.compaction.optimized.del.drop.obsolete COUNT : 0
rocksdb.compaction.cancelled COUNT : 0
rocksdb.number.keys.written COUNT : 2
rocksdb.number.keys.read COUNT : 1
rocksdb.number.keys.updated COUNT : 0
rocksdb.bytes.written COUNT : 101
rocksdb.bytes.read COUNT : 0
rocksdb.number.db.seek COUNT : 3
rocksdb.number.db.next COUNT : 0
rocksdb.number.db.prev COUNT : 0
rocksdb.number.db.seek.found COUNT : 0
rocksdb.number.db.next.found COUNT : 0
rocksdb.number.db.prev.found COUNT : 0
rocksdb.db.iter.bytes.read COUNT : 0
rocksdb.no.file.closes COUNT : 0
rocksdb.no.file.opens COUNT : 0
rocksdb.no.file.errors COUNT : 0
rocksdb.l0.slowdown.micros COUNT : 0
rocksdb.memtable.compaction.micros COUNT : 0
rocksdb.l0.num.files.stall.micros COUNT : 0
rocksdb.stall.micros COUNT : 0
rocksdb.db.mutex.wait.micros COUNT : 0
rocksdb.rate.limit.delay.millis COUNT : 0
rocksdb.num.iterators COUNT : 0
rocksdb.number.multiget.get COUNT : 0
rocksdb.number.multiget.keys.read COUNT : 0
rocksdb.number.multiget.bytes.read COUNT : 0
rocksdb.number.deletes.filtered COUNT : 0
rocksdb.number.merge.failures COUNT : 0
rocksdb.bloom.filter.prefix.checked COUNT : 0
rocksdb.bloom.filter.prefix.useful COUNT : 0
rocksdb.number.reseeks.iteration COUNT : 0
rocksdb.getupdatessince.calls COUNT : 0
rocksdb.block.cachecompressed.miss COUNT : 0
rocksdb.block.cachecompressed.hit COUNT : 0
rocksdb.block.cachecompressed.add COUNT : 0
rocksdb.block.cachecompressed.add.failures COUNT : 0
rocksdb.wal.synced COUNT : 1
rocksdb.wal.bytes COUNT : 101
rocksdb.write.self COUNT : 1
rocksdb.write.other COUNT : 0
rocksdb.write.timeout COUNT : 0
rocksdb.write.wal COUNT : 1
rocksdb.compact.read.bytes COUNT : 0
rocksdb.compact.write.bytes COUNT : 0
rocksdb.flush.write.bytes COUNT : 0
rocksdb.compact.read.marked.bytes COUNT : 0
rocksdb.compact.read.periodic.bytes COUNT : 0
rocksdb.compact.read.ttl.bytes COUNT : 0
rocksdb.compact.write.marked.bytes COUNT : 0
rocksdb.compact.write.periodic.bytes COUNT : 0
rocksdb.compact.write.ttl.bytes COUNT : 0
rocksdb.number.direct.load.table.properties COUNT : 0
rocksdb.number.superversion_acquires COUNT : 2
rocksdb.number.superversion_releases COUNT : 0
rocksdb.number.superversion_cleanups COUNT : 0
rocksdb.number.block.compressed COUNT : 0
rocksdb.number.block.decompressed COUNT : 0
rocksdb.number.block.not_compressed COUNT : 0
rocksdb.merge.operation.time.nanos COUNT : 0
rocksdb.filter.operation.time.nanos COUNT : 0
rocksdb.row.cache.hit COUNT : 0
rocksdb.row.cache.miss COUNT : 0
rocksdb.read.amp.estimate.useful.bytes COUNT : 0
rocksdb.read.amp.total.read.bytes COUNT : 0
rocksdb.number.rate_limiter.drains COUNT : 0
rocksdb.number.iter.skip COUNT : 0
rocksdb.blobdb.num.put COUNT : 0
rocksdb.blobdb.num.write COUNT : 0
rocksdb.blobdb.num.get COUNT : 0
rocksdb.blobdb.num.multiget COUNT : 0
rocksdb.blobdb.num.seek COUNT : 0
rocksdb.blobdb.num.next COUNT : 0
rocksdb.blobdb.num.prev COUNT : 0
rocksdb.blobdb.num.keys.written COUNT : 0
rocksdb.blobdb.num.keys.read COUNT : 0
rocksdb.blobdb.bytes.written COUNT : 0
rocksdb.blobdb.bytes.read COUNT : 0
rocksdb.blobdb.write.inlined COUNT : 0
rocksdb.blobdb.write.inlined.ttl COUNT : 0
rocksdb.blobdb.write.blob COUNT : 0
rocksdb.blobdb.write.blob.ttl COUNT : 0
rocksdb.blobdb.blob.file.bytes.written COUNT : 0
rocksdb.blobdb.blob.file.bytes.read COUNT : 0
rocksdb.blobdb.blob.file.synced COUNT : 0
rocksdb.blobdb.blob.index.expired.count COUNT : 0
rocksdb.blobdb.blob.index.expired.size COUNT : 0
rocksdb.blobdb.blob.index.evicted.count COUNT : 0
rocksdb.blobdb.blob.index.evicted.size COUNT : 0
rocksdb.blobdb.gc.num.files COUNT : 0
rocksdb.blobdb.gc.num.new.files COUNT : 0
rocksdb.blobdb.gc.failures COUNT : 0
rocksdb.blobdb.gc.num.keys.overwritten COUNT : 0
rocksdb.blobdb.gc.num.keys.expired COUNT : 0
rocksdb.blobdb.gc.num.keys.relocated COUNT : 0
rocksdb.blobdb.gc.bytes.overwritten COUNT : 0
rocksdb.blobdb.gc.bytes.expired COUNT : 0
rocksdb.blobdb.gc.bytes.relocated COUNT : 0
rocksdb.blobdb.fifo.num.files.evicted COUNT : 0
rocksdb.blobdb.fifo.num.keys.evicted COUNT : 0
rocksdb.blobdb.fifo.bytes.evicted COUNT : 0
rocksdb.txn.overhead.mutex.prepare COUNT : 0
rocksdb.txn.overhead.mutex.old.commit.map COUNT : 0
rocksdb.txn.overhead.duplicate.key COUNT : 0
rocksdb.txn.overhead.mutex.snapshot COUNT : 0
rocksdb.txn.get.tryagain COUNT : 0
rocksdb.number.multiget.keys.found COUNT : 0
rocksdb.num.iterator.created COUNT : 3
rocksdb.num.iterator.deleted COUNT : 3
rocksdb.block.cache.compression.dict.miss COUNT : 0
rocksdb.block.cache.compression.dict.hit COUNT : 0
rocksdb.block.cache.compression.dict.add COUNT : 0
rocksdb.block.cache.compression.dict.bytes.insert COUNT : 0
rocksdb.block.cache.compression.dict.bytes.evict COUNT : 0
rocksdb.block.cache.add.redundant COUNT : 0
rocksdb.block.cache.index.add.redundant COUNT : 0
rocksdb.block.cache.filter.add.redundant COUNT : 0
rocksdb.block.cache.data.add.redundant COUNT : 0
rocksdb.block.cache.compression.dict.add.redundant COUNT : 0
rocksdb.files.marked.trash COUNT : 0
rocksdb.files.deleted.immediately COUNT : 0
